time_training: 0.032141947995114606
time_warmup: 21.07337135400303
